8 6
1 1 0	9 1 0	9 5 0	1 5 0
1 1 1	9 1 1	9 5 1	1 5 1
4	0 1 2 3 
4	4 7 6 5
4	4 5 1 0
4	2 6 7 3
4	5 6 2 1
4	0 3 7 4
24 18
50 50 0 
50 55 0 
60 55 0 
60 50 0 
60 50 0 
65 50 0 
65 70 0 
60 70 0 
60 70 0 
60 65 0
50 65 0 
50 70 0 
50 50 50 
50 55 50 
60 55 50 
60 50 50 
60 50 50 
65 50 50 
65 70 50 
60 70 50 
60 70 50 
60 65 50 
50 65 50 
50 70 50 
4 0 1 2 3 
4 12 13 15 16
4 12 0 16 3
4 1 13 15 2
4 12 13 1 0
4 3 2 16 15
4 4 5 6 7
4 17 18 20 19
4 17 4 7 20
4 5 18 19 6
4 15 17 2 4
4 6 7 19 20
4 8 9 10 11
4 21 22 24 23
4 21 8 24 11
4 22 9 23 10
4 23 24 11 10
4 8 9 22 21
